# Created by Octave 4.4.0, Thu Jul 19 19:18:25 2018 GMT <unknown@DESKTOP-CAIV5MG>
# name: V
# type: matrix
# rows: 10
# columns: 1
 399900
 329900
 369000
 232000
 539900
 299900
 314900
 198999
 212000
 242500


